    0/19       0/249    0.0836      1.44        46         0      47.5        62     0.607          0          0          0
    0/19        0/62     0.262      4.48       134      3.27       142       267      4.01          0          0          0
    0/19       50/62     0.261      2.49      60.2      3.13      66.1       195      1.51          0          0          0
    0/19        0/62     0.269      4.55       134       3.3       142       268      4.26          0          0          0
    0/19       50/62     0.261      2.47      60.1      3.12      65.9       201      0.41          0          0          0
    1/19        0/62     0.263      1.16      11.3      2.56      15.3       269      1.88          0          0          0
    1/19       50/62     0.257     0.979      8.59      2.06      11.9       199     0.366     0.0126     0.0023    0.00165
    2/19        0/62      0.25      1.02      6.28      1.59      9.14       267      1.94     0.0135    0.00608    0.00294
    2/19       50/62     0.247     0.892      5.59      1.35      8.08       198     0.366     0.0203    0.00856    0.00452
    3/19        0/62     0.227     0.925      4.84      1.21       7.2       272      1.93     0.0257     0.0146    0.00677
    0/19        0/62     0.269      4.55       134       3.3       142       268      4.85          0          0          0
    0/19       50/62     0.262      2.47      60.1      3.12        66       198     0.367          0          0          0
    1/19        0/62     0.261      1.16      11.3      2.57      15.3       269      2.11          0          0          0
    1/19       50/62     0.256     0.985      8.56      2.11      11.9       194     0.367     0.0074    0.00158   0.000942
    2/19        0/62     0.249      1.07      6.31      1.65      9.28       267      2.59      0.014    0.00565    0.00274
    2/19       50/62     0.246     0.905      5.61      1.41      8.17       197     0.366     0.0203    0.00906    0.00459
    3/19        0/62     0.227     0.941      4.87      1.28      7.32       272      2.15     0.0205     0.0124    0.00567
    3/19       50/62     0.241     0.849      4.55      1.08      6.72       196     0.365     0.0234     0.0121    0.00634
    4/19        0/62     0.242     0.942      4.29     0.996      6.47       273      2.66     0.0293     0.0205    0.00917
    4/19       50/62     0.234     0.817      4.07     0.828      5.95       201     0.366     0.0319     0.0201    0.00965
    5/19        0/62     0.235     0.916      3.96     0.786       5.9       272      2.81     0.0304     0.0228    0.00954
    5/19       50/62      0.23     0.795      3.73     0.624      5.38       194     0.365     0.0344     0.0255     0.0106
    6/19        0/62     0.229     0.829      3.68     0.675      5.41       271      2.32     0.0318     0.0312     0.0125
    6/19       50/62     0.226     0.763      3.51     0.508         5       201     0.367     0.0324     0.0281     0.0109
    7/19        0/62     0.228     0.799      3.48     0.542      5.05       269      2.59     0.0374     0.0369     0.0142
    7/19       50/62     0.225     0.736      3.34      0.43      4.73       200     0.365     0.0336     0.0327     0.0132
    8/19        0/62      0.22     0.819      3.35     0.434      4.82       272      2.48     0.0381     0.0444     0.0159
    8/19       50/62      0.22     0.726      3.21     0.368      4.52       198     0.367     0.0368     0.0363     0.0134
    9/19        0/62     0.238      0.75      3.16     0.414      4.57       265      2.33     0.0416     0.0502     0.0184
    9/19       50/62     0.217     0.709      3.09     0.323      4.34       197     0.365     0.0482     0.0467     0.0177
   10/19        0/62      0.23     0.739      3.09     0.372      4.43       273      2.45     0.0463     0.0536     0.0197
   10/19       50/62     0.216     0.693      3.01     0.287      4.21       202     0.367     0.0472     0.0498      0.019
    0/19        0/62     0.269      4.55       134       3.3       142       268      4.44          0          0          0
    0/19       50/62     0.261      2.48      60.1      3.12      65.9       201     0.369          0          0          0
    1/19        0/62     0.261      1.12      11.3      2.57      15.2       269      2.01          0          0          0
    1/19       50/62     0.258     0.981      8.59       2.1      11.9       199     0.373    0.00527    0.00123   0.000687
    2/19        0/62     0.255      1.05      6.32      1.64      9.26       267      1.99     0.0119    0.00401    0.00215
    2/19       50/62      0.25       0.9      5.64       1.4      8.19       198     0.374     0.0196      0.008    0.00405
    3/19        0/62     0.228     0.937      4.85      1.24      7.26       272      1.97     0.0234     0.0145    0.00633
    3/19       50/62     0.239     0.856      4.57      1.06      6.72       197     0.367     0.0257     0.0116    0.00565
    4/19        0/62     0.244     0.952      4.29     0.998      6.49       273      1.95      0.027     0.0162    0.00697
    4/19       50/62     0.238     0.826      4.06     0.787      5.92       198     0.367     0.0278      0.016    0.00759
    5/19        0/62     0.235     0.889      3.92     0.754      5.79       272       1.9     0.0266       0.02     0.0087
    5/19       50/62     0.232     0.791      3.74     0.604      5.36       198     0.369     0.0331     0.0236     0.0102
    6/19        0/62     0.231     0.833      3.74     0.701       5.5       271      1.92     0.0324     0.0278     0.0109
    6/19       50/62     0.227      0.77       3.5     0.494      4.99       200      0.37     0.0377     0.0271     0.0122
    7/19        0/62     0.227     0.793      3.51     0.532      5.06       269      1.96     0.0345     0.0318     0.0127
    7/19       50/62     0.224     0.744      3.35      0.42      4.74       200      0.37     0.0382     0.0315     0.0135
    8/19        0/62     0.221     0.817      3.42     0.451      4.91       272      1.93      0.037     0.0361     0.0137
    8/19       50/62     0.221     0.723      3.22     0.361      4.53       197     0.373     0.0389     0.0321     0.0139
    9/19        0/62     0.239      0.74       3.2     0.425      4.61       265      1.93       0.04     0.0392     0.0155
    9/19       50/62     0.218     0.707      3.11     0.322      4.36       200     0.368     0.0464     0.0406     0.0172
   10/19        0/62      0.23     0.746      3.11     0.378      4.47       273      1.94     0.0408     0.0406     0.0165
   10/19       50/62     0.217      0.69      3.02     0.288      4.21       200     0.368     0.0424     0.0392      0.016
   11/19        0/62     0.229     0.742      3.01     0.313      4.29       273      1.94     0.0445     0.0482     0.0189
   11/19       50/62     0.215     0.679      2.95     0.259       4.1       201     0.369     0.0549     0.0474     0.0206
   12/19        0/62     0.224     0.678      2.94     0.307      4.15       264      2.04     0.0516     0.0604     0.0234
   12/19       50/62     0.211     0.671      2.89     0.236      4.01       199     0.367     0.0499     0.0485     0.0201
   13/19        0/62     0.219     0.671      3.03     0.274      4.19       268       1.9     0.0479     0.0517     0.0198
   13/19       50/62     0.212      0.66      2.85      0.22      3.94       197     0.369     0.0529     0.0509     0.0217
   14/19        0/62     0.214     0.625      3.02     0.247      4.11       271      1.91      0.055     0.0645     0.0255
   14/19       50/62     0.209     0.652      2.77     0.201      3.84       202     0.372      0.062     0.0579     0.0248
   15/19        0/62     0.213     0.658      2.84     0.227      3.94       268      1.92     0.0595     0.0661     0.0266
   15/19       50/62     0.208     0.645      2.74     0.186      3.77       195     0.367     0.0644     0.0631     0.0265
   16/19        0/62     0.215     0.642      2.93      0.23      4.01       273      2.01     0.0554     0.0684     0.0266
   16/19       50/62     0.208     0.643      2.71     0.173      3.73       198     0.371     0.0586     0.0605     0.0241
   17/19        0/62     0.215      0.68      2.72      0.19       3.8       271      1.94      0.073      0.081     0.0342
   17/19       50/62     0.206     0.638      2.66     0.159      3.66       196     0.371     0.0649     0.0628      0.027
   18/19        0/62     0.221     0.619      2.72     0.178      3.74       269      1.93     0.0677     0.0782     0.0342
   18/19       50/62     0.206     0.629      2.64      0.15      3.63       195     0.369     0.0793     0.0734     0.0334
   19/19        0/62      0.21      0.62      2.79     0.186      3.81       267       1.9     0.0761     0.0866     0.0388
   19/19       50/62     0.204     0.623      2.62     0.141      3.58       199     0.368     0.0835     0.0783     0.0351
    0/19        0/62     0.259      4.27       134         0       139       268      4.09          0          0          0
    0/19       50/62     0.259      2.39      59.9         0      62.5       196     0.647          0          0          0
    1/19        0/62     0.266      1.12      11.1         0      12.4       268      1.95    0.00105   9.59e-05   9.59e-05
    1/19       50/62     0.259     0.974       8.5         0      9.74       200     0.365    0.00889    0.00236    0.00132
    2/19        0/62     0.259      1.01      6.34         0      7.61       271      1.96     0.0114    0.00541    0.00264
    2/19       50/62     0.252      0.91      5.64         0       6.8       198     0.375      0.015    0.00677    0.00359
    3/19        0/62     0.237     0.923      4.87         0      6.03       268         2     0.0211     0.0103    0.00512
    3/19       50/62     0.245     0.863      4.57         0      5.68       201     0.437     0.0223     0.0106    0.00558
    4/19        0/62     0.237     0.942      4.24         0      5.42       266      1.97     0.0236     0.0151    0.00742
    0/19        0/62     0.259      4.27       134         0       139       268      4.21          0          0          0
    0/19       50/62     0.259       2.4      59.9         0      62.6       196     0.368          0          0          0
    1/19        0/62     0.265       1.1        11         0      12.4       268         2          0          0          0
    1/19       50/62     0.258     0.966      8.47         0      9.69       200     0.364    0.00911    0.00261    0.00126
    2/19        0/62     0.262     0.967      6.25         0      7.48       271      2.02     0.0128    0.00561    0.00258
    2/19       50/62      0.25     0.896      5.57         0      6.71       198     0.359     0.0168    0.00784     0.0041
    3/19        0/62     0.239     0.929      4.81         0      5.98       268      2.01     0.0232      0.012    0.00584
    3/19       50/62     0.244     0.854      4.54         0      5.64       201     0.366     0.0219     0.0108    0.00522
    4/19        0/62     0.237     0.946      4.25         0      5.44       266      1.99     0.0268     0.0166    0.00761
    4/19       50/62     0.237     0.818      4.01         0      5.07       199     0.394     0.0304     0.0174    0.00868
    5/19        0/62     0.248     0.884       3.8         0      4.93       263      2.01     0.0306     0.0214     0.0097
    5/19       50/62     0.236     0.795       3.7         0      4.74       194     0.366     0.0315     0.0192    0.00947
    6/19        0/62     0.231     0.849      3.56         0      4.64       261      1.98      0.033     0.0269     0.0127
    6/19       50/62     0.233     0.765      3.51         0      4.51       195     0.415     0.0333     0.0243     0.0107
    7/19        0/62     0.233      0.82      3.47         0      4.52       266      1.98     0.0332     0.0314     0.0133
    7/19       50/62     0.227     0.753      3.34         0      4.32       196     0.361     0.0361     0.0263     0.0116
    8/19        0/62      0.24     0.774      3.32         0      4.33       262      1.96     0.0368     0.0352     0.0155
    8/19       50/62     0.226     0.734      3.22         0      4.18       199     0.368     0.0355     0.0297     0.0126
    9/19        0/62     0.225     0.791      3.31         0      4.33       276      1.97     0.0392     0.0436     0.0178
    9/19       50/62     0.223     0.721      3.12         0      4.06       196     0.395     0.0377     0.0357     0.0162
   10/19        0/62     0.237     0.748       3.2         0      4.19       266      1.98     0.0421     0.0473     0.0205
   10/19       50/62     0.221      0.71      3.03         0      3.96       198     0.363      0.039     0.0367     0.0163
   11/19        0/62     0.227     0.769      3.12         0      4.12       264      1.97     0.0416     0.0469     0.0191
   11/19       50/62     0.221     0.693      2.97         0      3.88       195     0.356     0.0429     0.0431     0.0197
   12/19        0/62      0.22     0.736      3.15         0      4.11       269      1.96     0.0471     0.0574     0.0231
   12/19       50/62     0.218      0.69       2.9         0      3.81       201      0.37     0.0454     0.0417     0.0202
   13/19        0/62     0.213     0.713      2.98         0       3.9       269      1.96     0.0468     0.0577     0.0239
   13/19       50/62     0.217      0.68      2.85         0      3.75       201     0.365     0.0446     0.0478     0.0202
   14/19        0/62     0.224     0.715      2.87         0      3.81       267      1.94     0.0512     0.0623     0.0254
   14/19       50/62     0.216      0.67      2.81         0       3.7       200     0.362     0.0508     0.0486      0.022
   15/19        0/62     0.216     0.688      2.73         0      3.64       269      1.95     0.0503     0.0695      0.026
   15/19       50/62     0.214     0.658      2.76         0      3.63       202     0.363     0.0514     0.0515     0.0214
   16/19        0/62     0.218     0.638       2.8         0      3.66       269      1.95     0.0607     0.0705     0.0294
   16/19       50/62     0.213     0.646      2.73         0      3.59       196     0.357     0.0524     0.0556     0.0215
   17/19        0/62     0.217     0.705      2.91         0      3.83       265      1.96      0.061       0.08     0.0339
   17/19       50/62     0.211     0.637      2.69         0      3.54       200     0.357     0.0559     0.0598     0.0253
   18/19        0/62     0.214     0.663      2.84         0      3.71       267      1.96     0.0583     0.0721     0.0304
   18/19       50/62     0.212     0.636      2.67         0      3.51       196      0.36     0.0581     0.0612     0.0254
   19/19        0/62     0.229     0.684      2.76         0      3.68       268      1.96     0.0613     0.0776     0.0321
   19/19       50/62      0.21     0.634      2.64         0      3.48       199     0.363     0.0682     0.0657     0.0295
